94.634007, 138, 30, 0.997777, 79.710145, 60.057971, 44.15942, 13.672805, 13.672805, 13.672805, 165679.510578, 217556.050725, 2.3, 1.0, 0.2, 0.01, 95.387961
94.689232, 161, 30, 0.99846, 71.84472, 56.223602, 49.012422, 18.541539, 18.541539, 18.541539, 123172.745769, 186604.149068, 3.5, 4.5, 0.2, 0.01, 95.732395
92.307733, 126, 90, 0.986977, 75.31746, 62.698413, 50.611111, 17.378135, 17.378135, 17.378135, 140133.636205, 235696.539683, 4.0, 7.4, 0.0, 0.02, 93.689299
94.366027, 124, 40, 0.998221, 77.556452, 63.758065, 49.943548, 19.158634, 19.158634, 19.158634, 145299.328029, 242226.572581, 2.3, 3.4, 0.2, 0.05, 94.937354
95.306813, 137, 12, 0.980445, 66.89781, 66.021898, 49.058394, 16.41246, 16.41246, 16.41246, 142801.669611, 215337.255474, 3.8, 0.5, 0.2, 0.01, 96.255499
94.443589, 117, 15, 0.985204, 71.547009, 65.940171, 55.649573, 15.983066, 15.983066, 15.983066, 134786.62294, 253371.051282, 3.9, 5.1, 0.2, 0.01, 95.695529
95.507088, 115, 1, 0.998483, 108.0, 59.0, 41.0, 0.0, 0.0, 0.0, 0.0, 261252.0, 0.0, 0.0, 0.0, 0.0, 95.507088
93.713035, 135, 80, 0.999146, 69.481481, 64.933333, 47.666667, 17.469974, 17.469974, 17.469974, 159171.052119, 222695.748148, 1.6, 1.0, 0.6, 0.04, 94.146081
92.758799, 128, 30, 0.993001, 75.242188, 61.085938, 51.9375, 16.604193, 16.604193, 16.604193, 126370.449246, 233429.804688, 3.9, 0.4, 0.1, 0.0, 95.285294
94.176663, 367, 1, 0.998926, 39.0, 70.0, 30.0, 0.0, 0.0, 0.0, 0.0, 81900.0, 0.0, 7.3, 0.2, 0.03, 94.721037
95.206822, 80, 10, 0.993558, 77.7, 78.3125, 60.6, 11.983948, 11.983948, 11.983948, 196955.855311, 373697.3, 3.4, 4.8, 0.6, 0.03, 95.775839
92.675933, 88, 3, 0.995951, 78.045455, 66.988636, 62.079545, 2.837339, 2.837339, 2.837339, 183059.194925, 340543.022727, 4.0, 5.6, 0.0, 0.03, 92.675933
92.068627, 134, 100, 0.998226, 71.11194, 65.067164, 48.328358, 16.946701, 16.946701, 16.946701, 142729.150446, 224151.074627, 5.0, 0.4, 0.7, 0.02, 93.449166
94.737388, 175, 5, 0.992394, 49.314286, 64.68, 54.371429, 12.285382, 12.285382, 12.285382, 83064.754806, 170632.885714, 3.8, 2.4, 0.0, 0.01, 95.626751
92.783977, 134, 70, 0.996531, 72.723881, 63.029851, 49.022388, 16.325727, 16.325727, 16.325727, 139043.633522, 223770.492537, 1.4, 1.3, 0.1, 0.01, 94.091411
86.691524, 314, 1, 0.997111, 78.0, 49.0, 25.0, 0.0, 0.0, 0.0, 0.0, 95550.0, 0.2, 1.1, 1.0, 0.0, 87.644178
92.951357, 129, 100, 0.999486, 79.116279, 60.131783, 49.186047, 16.706202, 16.706202, 16.706202, 141561.372567, 233132.875969, 4.0, 1.3, 0.5, 0.06, 94.411654
94.506129, 185, 30, 0.999393, 71.881081, 55.556757, 43.264865, 16.996346, 16.996346, 16.996346, 111704.39717, 162547.891892, 1.7, 1.0, 0.6, 0.02, 95.332497
95.871261, 204, 5, 0.997332, 81.676471, 51.647059, 41.598039, 18.723614, 18.723614, 18.723614, 73357.260905, 147104.588235, 2.2, 6.4, 0.5, 0.01, 96.850382
92.793947, 133, 5, 0.996911, 69.834586, 71.962406, 45.691729, 9.898113, 9.898113, 9.898113, 102997.576154, 225538.842105, 3.5, 0.0, 0.1, 0.01, 93.65328
92.681749, 142, 90, 0.997005, 73.049296, 58.823944, 50.859155, 18.61568, 18.61568, 18.61568, 123043.057327, 211264.070423, 3.9, 3.5, 0.7, 0.02, 93.664599
93.559164, 118, 50, 0.996679, 79.025424, 66.254237, 50.542373, 18.316263, 18.316263, 18.316263, 141990.599912, 254149.957627, 1.4, 3.9, 0.2, 0.07, 94.562889
93.051112, 125, 50, 0.992667, 74.12, 62.016, 50.728, 14.66772, 14.66772, 14.66772, 146783.271111, 238951.696, 1.9, 2.8, 0.1, 0.03, 94.705054
94.013876, 114, 30, 0.985633, 79.72807, 61.877193, 52.54386, 15.512949, 15.512949, 15.512949, 161425.427566, 260152.061404, 4.0, 1.5, 0.2, 0.04, 95.238966
94.236544, 114, 90, 0.995551, 72.403509, 65.254386, 53.149123, 17.244492, 17.244492, 17.244492, 171033.655811, 262769.789474, 1.0, 1.0, 0.2, 0.01, 94.864382
95.552084, 160, 8, 0.999594, 68.31875, 65.0, 41.31875, 16.004832, 16.004832, 16.004832, 107297.13038, 187983.825, 4.0, 3.2, 0.3, 0.02, 96.489075
92.824492, 135, 80, 0.998831, 74.844444, 61.562963, 48.17037, 18.101582, 18.101582, 18.101582, 149412.203155, 222625.511111, 4.0, 1.0, 0.4, 0.03, 94.33729
93.810643, 142, 30, 0.997686, 66.556338, 61.929577, 51.690141, 17.042277, 17.042277, 17.042277, 136571.290451, 211408.422535, 4.0, 0.3, 0.4, 0.01, 95.517777
92.255904, 118, 100, 0.989129, 73.855932, 64.627119, 54.101695, 17.747948, 17.747948, 17.747948, 148567.490625, 252224.737288, 3.9, 1.0, 0.2, 0.02, 93.658338
95.838532, 132, 10, 0.991796, 64.439394, 65.204545, 54.469697, 18.607362, 18.607362, 18.607362, 136258.392288, 226081.439394, 1.9, 5.2, 0.5, 0.0, 96.773897
93.833731, 124, 70, 0.999891, 75.822581, 62.185484, 50.580645, 15.559509, 15.559509, 15.559509, 163647.679899, 242631.830645, 3.3, 1.2, 0.3, 0.01, 94.990585
93.422433, 109, 70, 0.981742, 81.073394, 64.87156, 52.110092, 17.674083, 17.674083, 17.674083, 159353.955562, 271011.458716, 3.7, 1.8, 0.0, 0.04, 94.225613
92.955514, 120, 70, 0.991043, 79.05, 60.891667, 50.575, 16.855594, 16.855594, 16.855594, 154593.261838, 248500.891667, 4.0, 0.0, 0.2, 0.04, 94.908001
92.602356, 131, 80, 0.996678, 76.068702, 59.458015, 49.908397, 17.229236, 17.229236, 17.229236, 150427.739092, 228928.656489, 3.6, 0.9, 0.7, 0.04, 94.180521
92.920675, 113, 90, 0.99822, 79.469027, 65.176991, 50.858407, 17.320951, 17.320951, 17.320951, 165904.028382, 265805.884956, 2.3, 1.1, 0.2, 0.01, 94.308762
94.755829, 127, 20, 0.991206, 74.346457, 62.110236, 53.007874, 18.853975, 18.853975, 18.853975, 137047.993883, 234842.685039, 0.7, 4.8, 0.2, 0.02, 96.146475
93.624685, 155, 10, 0.996341, 76.793548, 67.470968, 37.6, 12.229842, 12.229842, 12.229842, 124380.213049, 193416.232258, 3.9, 1.0, 0.6, 0.01, 95.839615
94.462383, 123, 40, 0.992582, 80.878049, 60.260163, 48.186992, 18.538621, 18.538621, 18.538621, 153541.60656, 242816.406504, 3.1, 0.5, 0.0, 0.03, 95.186357
93.669126, 115, 50, 0.98908, 78.269565, 64.8, 52.095652, 18.117958, 18.117958, 18.117958, 149408.312721, 258791.608696, 1.0, 0.6, 0.2, 0.03, 95.156273
93.096383, 127, 80, 0.996831, 72.669291, 65.338583, 50.307087, 18.051332, 18.051332, 18.051332, 140343.489503, 236175.401575, 2.9, 1.0, 0.0, 0.09, 94.408883
92.661453, 124, 90, 0.981915, 73.806452, 65.58871, 50.25, 17.943291, 17.943291, 17.943291, 136917.646506, 238269.637097, 1.0, 1.0, 0.2, 0.08, 94.185071
92.700911, 119, 80, 0.997849, 76.92437, 62.478992, 52.588235, 15.324179, 15.324179, 15.324179, 143850.969073, 252309.97479, 3.5, 2.6, 0.8, 0.04, 93.479928
96.564317, 99, 5, 0.99796, 104.262626, 47.606061, 57.575758, 13.591509, 13.591509, 13.591509, 212907.327749, 303315.474747, 4.0, 0.9, 0.0, 0.01, 96.564317
94.852617, 102, 3, 0.999585, 73.333333, 79.137255, 56.078431, 10.739962, 10.739962, 10.739962, 28118.440629, 294873.862745, 3.8, 1.2, 1.2, 0.03, 95.669895
95.179909, 111, 12, 0.997245, 85.0, 65.486486, 50.486486, 16.442564, 16.442564, 16.442564, 109613.675656, 270330.882883, 3.9, 3.8, 0.8, 0.0, 95.960062
94.796677, 109, 8, 0.999358, 79.834862, 61.550459, 50.522936, 16.847724, 16.847724, 16.847724, 191735.046454, 275874.366972, 3.5, 3.0, 0.7, 0.0, 96.743631
93.112824, 135, 80, 0.994523, 70.437037, 63.02963, 49.325926, 16.800278, 16.800278, 16.800278, 141943.549437, 221665.274074, 3.7, 1.0, 0.5, 0.02, 94.222184
95.307292, 164, 3, 0.995501, 74.670732, 46.52439, 58.408537, 12.985834, 12.985834, 12.985834, 32776.512838, 182647.79878, 0.3, 1.6, 0.1, 0.09, 96.399994
94.273045, 106, 40, 0.98663, 77.066038, 61.981132, 55.707547, 17.338999, 17.338999, 17.338999, 181350.236972, 280068.95283, 1.1, 3.5, 0.2, 0.03, 95.295866
94.940607, 119, 12, 0.987986, 73.647059, 73.605042, 48.218487, 16.563684, 16.563684, 16.563684, 128459.867011, 249816.243697, 3.9, 0.9, 0.8, 0.04, 96.224386
92.497728, 156, 60, 0.996731, 69.596154, 57.923077, 48.916667, 18.164476, 18.164476, 18.164476, 120865.124085, 192251.724359, 3.9, 3.8, 0.7, 0.02, 94.440365
92.313432, 143, 80, 0.9893, 76.335664, 61.916084, 45.58042, 17.183263, 17.183263, 17.183263, 119965.208742, 208165.454545, 4.0, 1.1, 0.0, 0.02, 93.389109
77.735139, 123, 1, 0.995981, 94.0, 96.0, 27.0, 0.0, 0.0, 0.0, 0.0, 243648.0, 0.0, 0.0, 0.0, 0.0, 77.735139
96.150074, 105, 5, 0.997152, 70.352381, 71.314286, 53.619048, 20.066737, 20.066737, 20.066737, 218713.1965, 285751.619048, 0.0, 5.6, 0.5, 0.0, 96.368967
94.966643, 111, 12, 0.995038, 78.765766, 68.747748, 50.90991, 17.182407, 17.182407, 17.182407, 145148.34473, 269732.702703, 3.7, 1.0, 0.8, 0.02, 95.591058
91.740793, 128, 100, 0.982443, 72.1875, 67.921875, 50.117188, 17.709735, 17.709735, 17.709735, 126581.60401, 230947.9375, 1.4, 1.0, 0.2, 0.02, 93.428408
93.3463, 113, 90, 0.987268, 76.309735, 62.19469, 55.336283, 16.954708, 16.954708, 16.954708, 151023.319619, 262889.60177, 2.8, 1.0, 0.4, 0.06, 94.427786
95.716543, 114, 5, 0.99864, 89.315789, 59.254386, 56.166667, 21.218131, 21.218131, 21.218131, 85147.25066, 263585.052632, 0.4, 0.0, 0.0, 0.04, 95.767537
76.540628, 125, 1, 0.996623, 98.0, 51.0, 48.0, 0.0, 0.0, 0.0, 0.0, 239904.0, 0.0, 0.0, 0.0, 0.0, 76.540628
92.476678, 128, 90, 0.999819, 75.179688, 60.507812, 50.929688, 16.267387, 16.267387, 16.267387, 161196.310404, 235032.515625, 2.4, 5.8, 0.2, 0.09, 94.560649
93.810414, 131, 60, 0.996868, 69.648855, 61.610687, 50.343511, 17.429365, 17.429365, 17.429365, 178669.994242, 228972.381679, 4.0, 1.6, 0.3, 0.05, 94.824351
94.09716, 126, 50, 0.994177, 80.968254, 61.31746, 49.079365, 16.344313, 16.344313, 16.344313, 121940.754099, 237415.825397, 2.4, 3.0, 0.2, 0.02, 95.253496
96.964907, 175, 15, 1.198463, 68.491429, 67.577143, 47.102857, 17.691992, 17.691992, 17.691992, 102999.401829, 206064.617143, 7.3, 0.3, 0.2, 0.0, 97.010368
95.604424, 319, 3, 1.195131, 50.77116, 55.278997, 38.564263, 14.030468, 14.030468, 14.030468, 73505.150469, 112730.520376, 1.8, 7.3, 0.1, 0.06, 96.18735
94.986264, 149, 90, 1.198879, 75.630872, 62.275168, 51.47651, 18.965027, 18.965027, 18.965027, 161919.711909, 242106.04698, 3.5, 1.0, 0.6, 0.01, 95.148822
95.439853, 136, 8, 1.192572, 96.602941, 70.279412, 42.375, 18.941837, 18.941837, 18.941837, 103510.39567, 263853.323529, 3.8, 0.6, 1.1, 0.09, 96.074181
96.917811, 125, 15, 1.198015, 71.28, 75.328, 55.768, 16.778623, 16.778623, 16.778623, 114356.428087, 288382.568, 1.9, 4.1, 0.3, 0.01, 96.917811
94.99226, 137, 90, 1.193215, 74.423358, 66.810219, 52.664234, 17.91679, 17.91679, 17.91679, 168881.527693, 262068.576642, 4.0, 0.0, 0.3, 0.01, 95.617798
95.219664, 153, 60, 1.199978, 75.803922, 58.411765, 54.117647, 18.291375, 18.291375, 18.291375, 147097.193717, 235992.751634, 4.0, 3.6, 0.7, 0.02, 95.95528
97.013468, 139, 10, 1.194109, 76.517986, 62.388489, 57.323741, 19.519117, 19.519117, 19.519117, 115043.382811, 258491.215827, 3.5, 0.0, 0.6, 0.03, 97.106457
95.581144, 135, 60, 1.190664, 75.02963, 64.548148, 52.585185, 17.413654, 17.413654, 17.413654, 177742.414648, 265382.451852, 4.0, 4.3, 0.5, 0.01, 96.070755
96.232023, 131, 8, 1.188265, 80.839695, 72.40458, 48.175573, 15.194656, 15.194656, 15.194656, 106016.379843, 272934.725191, 4.0, 1.9, 0.2, 0.04, 96.340329
95.377373, 155, 70, 1.198804, 74.658065, 63.819355, 48.806452, 17.582652, 17.582652, 17.582652, 153835.08932, 232719.690323, 4.0, 1.0, 0.2, 0.02, 95.852184
94.975516, 163, 70, 1.198778, 75.613497, 59.134969, 48.141104, 17.239873, 17.239873, 17.239873, 137235.236487, 221293.141104, 4.0, 2.1, 0.6, 0.02, 95.6314
94.563049, 154, 90, 1.18735, 72.688312, 61.850649, 49.603896, 17.386149, 17.386149, 17.386149, 164419.274905, 231992.850649, 2.8, 0.9, 0.5, 0.04, 95.396103
94.682452, 135, 80, 1.194459, 80.125926, 63.666667, 50.562963, 18.369301, 18.369301, 18.369301, 167521.884589, 266228.177778, 1.0, 1.2, 0.5, 0.01, 95.966799
95.161773, 110, 5, 1.19843, 68.609091, 83.190909, 55.927273, 13.874574, 13.874574, 13.874574, 151769.650815, 327820.918182, 2.8, 1.0, 1.1, 0.01, 96.535785
94.963698, 205, 15, 1.193499, 68.156098, 56.278049, 48.639024, 13.903726, 13.903726, 13.903726, 84424.953416, 175180.190244, 3.6, 0.7, 0.1, 0.0, 96.042482
95.999188, 182, 20, 1.197896, 71.692308, 64.527473, 45.521978, 20.365805, 20.365805, 20.365805, 133499.263524, 198045.324176, 5.9, 3.0, 0.2, 0.03, 96.645661
94.811128, 170, 30, 1.1852, 74.770588, 60.717647, 45.894118, 16.203866, 16.203866, 16.203866, 134887.844868, 209777.805882, 3.7, 1.0, 0.7, 0.03, 95.756989
97.213963, 175, 12, 1.198587, 70.628571, 59.24, 51.805714, 17.299941, 17.299941, 17.299941, 110338.661287, 206085.868571, 3.7, 2.0, 0.2, 0.01, 97.453873
94.810463, 159, 90, 1.194836, 75.484277, 62.899371, 46.742138, 15.548348, 15.548348, 15.548348, 150359.682716, 226114.207547, 3.3, 0.6, 0.2, 0.03, 95.037265
96.937685, 171, 15, 1.197029, 75.549708, 63.251462, 43.502924, 17.270932, 17.270932, 17.270932, 162028.624463, 210632.438596, 5.5, 1.3, 0.5, 0.01, 97.669445
94.265727, 184, 30, 1.193569, 75.875, 56.853261, 47.086957, 16.471089, 16.471089, 16.471089, 98625.480106, 195184.967391, 5.1, 3.9, 0.1, 0.03, 95.927572
96.163441, 108, 8, 1.197495, 88.953704, 62.138889, 59.046296, 14.573812, 14.573812, 14.573812, 170583.197444, 333631.287037, 7.0, 7.3, 0.8, 0.01, 96.288185
94.708557, 151, 90, 1.191864, 77.046358, 62.615894, 49.205298, 17.478205, 17.478205, 17.478205, 146496.352134, 237501.483444, 3.8, 5.3, 0.1, 0.04, 95.144711
89.640215, 112, 1, 1.195203, 65.0, 95.0, 52.0, 0.0, 0.0, 0.0, 0.0, 321100.0, 0.0, 0.0, 0.0, 0.0, 89.640215
90.879094, 263, 90, 0.999568, 66.429658, 55.627376, 30.912548, 3.799634, 3.799634, 3.799634, 30201.027589, 114359.764259, 3.9, 0.8, 0.2, 0.04, 93.259443
95.995842, 210, 8, 0.995584, 47.319048, 84.219048, 36.295238, 15.275517, 15.275517, 15.275517, 56957.868033, 142651.142857, 3.8, 4.8, 0.1, 0.0, 96.538634
94.443316, 114, 15, 0.99335, 83.789474, 49.035088, 63.5, 5.361085, 5.361085, 5.361085, 61374.801668, 262188.763158, 1.2, 2.1, 0.6, 0.02, 95.78108
96.26759, 107, 10, 0.99951, 76.158879, 74.271028, 49.803738, 7.490105, 7.490105, 7.490105, 44666.345794, 281073.53271, 2.8, 0.8, 0.2, 0.01, 97.136793
92.739373, 91, 90, 0.99868, 67.395604, 83.120879, 58.857143, 7.938737, 7.938737, 7.938737, 83472.09971, 330218.67033, 4.0, 1.7, 0.5, 0.03, 93.410758
93.725328, 121, 30, 0.999074, 80.727273, 59.338843, 52.165289, 7.34436, 7.34436, 7.34436, 43194.332507, 248444.371901, 4.6, 1.7, 0.6, 0.01, 94.522639
92.195541, 138, 30, 0.997997, 55.304348, 68.405797, 57.978261, 11.441386, 11.441386, 11.441386, 56084.032337, 217603.992754, 4.0, 1.9, 0.4, 0.03, 93.966079
93.425008, 117, 70, 0.993015, 53.188034, 78.777778, 60.931624, 13.44932, 13.44932, 13.44932, 71160.658637, 255379.794872, 4.0, 1.9, 0.9, 0.02, 93.709017
95.820054, 102, 8, 0.996088, 71.490196, 81.990196, 50.5, 11.60523, 11.60523, 11.60523, 95988.276227, 293842.205882, 2.1, 2.8, 0.6, 0.01, 95.820054
94.082375, 114, 15, 0.999955, 51.859649, 74.745614, 66.921053, 4.013453, 4.013453, 4.013453, 107890.413057, 263932.210526, 3.5, 2.7, 0.1, 0.04, 95.652162
95.343869, 119, 3, 0.994251, 98.016807, 58.991597, 43.420168, 5.139231, 5.139231, 5.139231, 39031.460337, 251400.336134, 1.8, 0.7, 0.0, 0.06, 95.346834
92.50401, 275, 8, 0.997832, 63.712727, 59.334545, 29.767273, 7.923522, 7.923522, 7.923522, 24573.846689, 109179.6, 3.9, 1.0, 0.2, 0.09, 95.446918
92.326905, 167, 80, 0.998683, 63.700599, 62.071856, 45.610778, 4.975208, 4.975208, 4.975208, 45396.099738, 179940.005988, 3.9, 1.9, 0.1, 0.03, 93.194926
92.557291, 71, 12, 0.995446, 95.028169, 85.830986, 51.915493, 9.279307, 9.279307, 9.279307, 76521.35096, 421867.422535, 3.5, 0.5, 0.0, 0.03, 92.764372
91.586035, 96, 40, 0.997848, 88.34375, 82.916667, 42.822917, 7.120971, 7.120971, 7.120971, 63125.46745, 312758.979167, 2.6, 3.6, 0.5, 0.0, 94.13756
94.048157, 92, 10, 0.990773, 89.880435, 63.293478, 57.076087, 3.317391, 3.317391, 3.317391, 61318.522573, 324043.195652, 3.5, 2.1, 0.3, 0.0, 95.6361
93.244511, 142, 60, 0.998899, 83.626761, 40.077465, 62.93662, 11.446271, 11.446271, 11.446271, 85869.723525, 211665.330986, 3.8, 1.1, 0.4, 0.02, 94.896237
93.595665, 266, 20, 0.998386, 56.052632, 45.763158, 44.462406, 7.401007, 7.401007, 7.401007, 18435.127079, 112936.296992, 6.4, 1.2, 0.1, 0.02, 95.176652
92.41916, 196, 60, 0.996633, 60.454082, 71.219388, 35.112245, 14.657576, 14.657576, 14.657576, 77696.302151, 153001.642857, 3.3, 1.0, 0.8, 0.0, 93.674071
94.356954, 100, 100, 1.51385, 86.59, 78.43, 66.93, 3.653095, 3.653095, 3.653095, 66902.481316, 455511.75, 4.0, 1.0, 1.2, 0.0, 95.948653
92.695827, 108, 12, 0.996461, 97.009259, 54.296296, 52.833333, 5.074446, 5.074446, 5.074446, 41167.447349, 277621.611111, 3.2, 6.8, 0.4, 0.01, 94.412339
95.076674, 188, 10, 0.994335, 62.531915, 75.021277, 34.989362, 12.784627, 12.784627, 12.784627, 64531.214879, 159144.478723, 0.4, 5.4, 0.2, 0.04, 96.273672
90.854039, 100, 100, 1.245702, 100.65, 76.89, 48.52, 3.702648, 3.702648, 3.702648, 46809.663837, 374827.11, 4.0, 1.0, 0.0, 0.0, 92.632227
92.668558, 106, 30, 0.995946, 55.037736, 76.575472, 66.339623, 7.485693, 7.485693, 7.485693, 91560.9635, 282713.679245, 3.6, 0.9, 0.7, 0.0, 93.986557
91.295932, 104, 10, 0.992124, 67.298077, 64.730769, 66.221154, 12.784423, 12.784423, 12.784423, 63086.779833, 287044.682692, 4.0, 1.1, 0.7, 0.01, 95.266511
92.976551, 245, 50, 1.19637, 59.657143, 62.693878, 39.693878, 3.322183, 3.322183, 3.322183, 40458.020791, 146931.865306, 4.0, 1.2, 0.2, 0.0, 94.873069
95.008352, 151, 10, 1.198424, 90.291391, 81.066225, 32.231788, 10.987919, 10.987919, 10.987919, 101336.819948, 238808.821192, 3.6, 1.3, 0.2, 0.03, 96.847644
91.320459, 80, 80, 1.229426, 84.375, 84.7125, 65.05, 15.52651, 15.52651, 15.52651, 118424.917575, 462411.9875, 3.8, 0.4, 0.2, 0.0, 93.344476
93.586061, 170, 90, 1.19784, 95.782353, 71.405882, 30.952941, 4.021723, 4.021723, 4.021723, 55809.364687, 212015.017647, 0.9, 5.8, 0.2, 0.01, 94.399025
92.062249, 275, 40, 1.199806, 70.305455, 60.803636, 30.770909, 4.057123, 4.057123, 4.057123, 18434.226983, 131278.96, 4.0, 0.9, 0.2, 0.02, 93.969399
95.912298, 262, 10, 1.199546, 63.648855, 68.278626, 32.053435, 16.389958, 16.389958, 16.389958, 71517.446787, 137762.885496, 3.3, 1.8, 0.1, 0.03, 96.629834
93.485149, 145, 50, 1.193483, 74.8, 62.337931, 52.993103, 5.002753, 5.002753, 5.002753, 49312.639086, 247665.165517, 3.9, 1.7, 0.1, 0.05, 94.95411
95.120703, 143, 15, 1.198521, 75.944056, 69.503497, 47.818182, 3.406363, 3.406363, 3.406363, 54962.809769, 252189.202797, 2.8, 4.0, 0.5, 0.04, 96.45277
93.422951, 151, 70, 1.193405, 82.02649, 57.708609, 50.218543, 3.74147, 3.74147, 3.74147, 41803.804826, 237808.668874, 3.3, 7.1, 0.2, 0.0, 94.853355
93.90442, 314, 15, 1.199557, 62.229299, 61.828025, 29.286624, 13.552705, 13.552705, 13.552705, 58403.780715, 114949.754777, 3.9, 1.0, 0.3, 0.02, 95.160427
94.337748, 209, 15, 1.19772, 50.488038, 65.631579, 51.645933, 10.063863, 10.063863, 10.063863, 52792.759213, 172435.07177, 2.1, 1.0, 0.1, 0.01, 96.068372
92.914111, 90, 90, 1.209042, 91.022222, 70.6, 63.0, 5.851875, 5.851875, 5.851875, 59609.724826, 404217.844444, 3.9, 6.6, 1.0, 0.01, 94.948946
92.991238, 147, 50, 1.198408, 93.346939, 52.52381, 50.272109, 7.666126, 7.666126, 7.666126, 40357.900081, 245303.666667, 2.9, 5.5, 0.6, 0.04, 94.079294
93.176092, 404, 90, 1.199719, 56.455446, 49.554455, 31.69802, 12.545872, 12.545872, 12.545872, 40817.037631, 89354.20297, 3.8, 2.3, 0.0, 0.01, 94.832188
91.138938, 105, 1, 1.196199, 92.0, 81.0, 46.0, 0.0, 0.0, 0.0, 0.0, 342792.0, 4.0, 1.0, 0.1, 0.01, 91.138938
93.577114, 135, 100, 1.197265, 90.540741, 53.481481, 55.140741, 11.068917, 11.068917, 11.068917, 82188.151767, 266853.607407, 3.8, 7.0, 0.2, 0.05, 94.713815
95.60686, 329, 5, 1.195214, 56.993921, 73.987842, 26.790274, 12.404594, 12.404594, 12.404594, 45343.005811, 109311.665653, 2.4, 1.0, 0.7, 0.03, 96.495775
95.300559, 254, 20, 1.198813, 50.515748, 81.007874, 34.259843, 10.304202, 10.304202, 10.304202, 60283.185664, 142015.106299, 3.9, 3.2, 0.1, 0.01, 96.119768
93.318988, 121, 100, 1.195172, 92.950413, 71.909091, 45.198347, 11.688534, 11.688534, 11.688534, 93321.340889, 297208.85124, 4.0, 1.6, 0.2, 0.02, 95.450245
95.0615, 168, 80, 1.193065, 95.785714, 63.452381, 35.529762, 11.6184, 11.6184, 11.6184, 87668.952912, 213683.779762, 4.1, 4.1, 0.2, 0.04, 95.165442
95.254776, 150, 20, 1.191253, 76.8, 62.6, 49.706667, 9.816684, 9.816684, 9.816684, 56902.226194, 238962.293333, 0.7, 1.5, 0.2, 0.02, 95.874624
97.671865, 388, 5, 1.19967, 48.659794, 43.876289, 42.448454, 11.590519, 11.590519, 11.590519, 34784.232074, 93035.10567, 1.8, 7.2, 0.2, 0.01, 98.229399
96.10118, 102, 1, 1.195405, 76.0, 80.0, 58.0, 0.0, 0.0, 0.0, 0.0, 352640.0, 0.0, 1.0, 1.0, 0.0, 96.10118
92.614347, 175, 50, 1.198135, 65.148571, 52.485714, 60.6, 8.988882, 8.988882, 8.988882, 39689.380174, 206008.125714, 4.0, 1.0, 0.3, 0.02, 94.497282
95.185822, 222, 8, 1.198518, 94.644144, 52.292793, 32.382883, 16.372419, 16.372419, 16.372419, 86586.309749, 162445.666667, 4.0, 7.1, 0.2, 0.04, 96.116601
